,Poetry,write diary,penpal,shower,coding,Art,Recording,writing,love,Email,Audio books,shave,family,fasting,youtube,Watching series,reddit,podcast,trimming,songs,good meal,Documentary,yoga,News Update,shopping,repair,research,hospital,travel,movies,streaming,gaming,holotropic,cooking,designing,cleaning,jobs,new things,Quran,reading,walk,friends,prayer,hiking,phd,video editing,party,Dota 2,meditation,language learning,Tutorial,Exercise,keto,weight log,learning,power nap,kaballah
Poetry,1.0,-0.02422531764372069,0.11741164579241628,0.1163041350278517,0.23650912371203694,0.14162270816554567,0.1630278939607265,0.16285601655018778,0.002305183088984079,0.0065222481516525824,0.12168254873381386,0.18409451188485787,0.06914448483438194,0.08299531718445677,0.06202383248798095,0.09555002050802733,0.10975387243125288,-0.038999429070594796,0.11666265836768092,0.11378323335846303,0.08120695335536118,0.21138927843185018,0.277852203077698,-0.01840698464453633,0.14209997404365193,0.1160582928395558,0.1664389324572015,-0.010409515593012366,0.02549746581384392,0.0012255160690353346,0.0787857684630559,-0.0397567376857369,0.22792995957811737,0.22372694739080157,0.06446720488278997,0.19418252054603244,0.06103199588498334,0.15154323408508427,0.02384418098141253,0.08950469749089796,0.07117174845967145,-0.01811148555033623,0.09872852938887924,-0.009009838967872113,-0.013793788541054373,-0.009009838967872134,-0.012763365912134297,-0.0742391053294217,0.04956611364639876,0.1962693782864629,0.20013316303018233,0.05309136838211733,-0.05572669013009308,-0.03947655927586832,0.15536503497241186,0.05340087484517827,-0.017330594265552557
write diary,-0.02422531764372069,1.0,-0.06273203685714643,0.15390388405629715,-0.11838444817433079,0.211435001474681,0.08148896774391544,0.13328149221379923,0.06230912406557322,0.049640992409086954,0.10008862869666157,0.008797509166637919,0.08646875698719372,0.06133135348875404,0.049601671973358526,0.007116352833776879,0.09967924729954762,0.07184498164621253,-0.0007831010474966302,0.1660111842223493,0.061176754217819526,-0.048927757286323065,0.052740661154037756,0.09124941221371409,0.0514274123236372,-0.0665519088449094,0.04217418577848191,-0.021472155910066022,-0.07878174190378254,0.05692399226535767,0.04785889017607257,-0.04992334046236725,-0.03890692222576767,-0.12613699463629874,0.09182999709926483,0.007662047529886913,-0.009555758414560793,0.03546969853438269,0.2828842783416136,0.13918101028927377,0.10620335046915044,0.06312828384688876,0.15524797577731717,-0.018584982683786336,-0.02845304140212067,0.18137151775743285,0.020882289144927662,0.004998496510043228,0.16350092292044244,0.04045496221748289,-0.009833351853972645,0.004530167116787051,-0.04219987133957884,0.0661137464032296,0.10947522556955386,0.02964157508637604,0.10411328426467314
penpal,0.11741164579241628,-0.06273203685714643,1.0,0.2519736876609339,0.5423664117801117,0.14537850173211403,0.12981172535723454,0.38367250963548116,0.10854035350499408,-0.06047412008538746,0.20809198742600932,0.06266620966370266,0.0027945479663067352,0.25973602435300497,0.23889008008339152,0.3547395159596701,0.3538613290502877,-0.014364016041368418,0.004518289345700512,0.22420343045230487,0.28722795967637366,0.4028487192535755,0.14397908410755594,0.19726850926536865,-0.011410659588255224,0.2145169975106964,0.3644790424468086,-0.05879620411533364,0.056863671479637425,0.038414659792105524,0.20994358413156378,0.019761990310120207,0.13866286409188,0.5314802029856691,0.0925017140154898,0.3546304584366759,0.02288608146276073,0.4182803316765043,0.0028365792724211417,0.28138717695518367,0.1999352447079189,0.07428566948092748,0.1821358069376241,-0.05089039218663526,-0.07791163761049551,-0.011848192682627335,0.038523114665647576,-0.23961151747862003,0.13379140553863797,0.3858840383568847,0.49276387551378603,0.02464050156202975,-0.17271495886481436,-0.11352497425748093,0.35262599286159946,0.39616116371310667,-0.09788862399720769
shower,0.1163041350278517,0.15390388405629715,0.2519736876609339,1.0,0.3129755428924578,0.3235477476987723,0.15597674565072384,0.48707255029790186,0.23172342033263624,-0.043513925731551474,0.31428788457207374,0.147697676491372,0.11260216926409164,0.34603521460120024,0.27548741241984465,0.3475226734812084,0.4423336434783822,0.03306411597824328,0.0546718176336663,0.3233945352825104,0.34995316208903166,0.36296924273149633,0.05850331552335905,0.23640363336567485,0.027085989216006252,0.13653754523473544,0.291762879628144,-0.06478832654996423,0.07132044482868784,0.061286709824406406,0.30159621378270246,-0.12626378419667658,0.1071280396169309,0.3052235193413463,0.11707662352950493,0.25829102131326576,-0.007313752076905946,0.2873257265086261,0.34346969405424715,0.2735574614970627,0.30703124813450544,0.062443383342426,0.5361167954750113,0.021381179805282403,-0.009618142262686228,0.06011017284000285,-0.024574966191096552,-0.0725192134027028,0.2746490192411338,0.4343812512431785,0.3539297749244012,0.08110005374761185,-0.07207100882412426,0.020256584432223643,0.38208358157146716,0.3918072325327706,-0.046913561365218424
coding,0.23650912371203694,-0.11838444817433079,0.5423664117801117,0.3129755428924578,1.0,0.23874455477206746,0.2822239360038243,0.6112051030777933,0.2580718379368951,-0.08569277197100424,0.32035033256383916,0.14923188790825354,-0.029138488570025017,0.42113155519286166,0.23048048402489565,0.40957762107166956,0.39053209422128915,-0.1301114547743528,0.04543766682757865,0.07001133001053927,0.22688553920698853,0.7656420580290375,0.18559541278991526,-0.005517636993934594,0.048381699991026234,0.3138526815181531,0.709000150192745,-0.0411293342685182,0.11982363875372548,0.037400375399487776,0.2801648236208238,-0.15708398139103746,0.1982247027665453,0.9007670760879966,0.05466066994942622,0.5918525135757271,0.04328276894284682,0.648177160265532,0.047718250619857946,0.373125016338744,0.21737057349893138,-0.04973573893796591,0.18833853421678617,-0.03559903199183305,-0.05450103174014299,0.007829841735908581,0.01109177816227988,-0.31619671784801096,0.0369180327744141,0.7365827105868925,0.8740100300344915,0.12277063708117418,-0.19648229167944947,-0.2194827189693422,0.6179108782583602,0.5038483047195086,-0.022910176760901534
Art,0.14162270816554567,0.211435001474681,0.14537850173211403,0.3235477476987723,0.23874455477206746,1.0,0.303777562024981,0.44380683020747924,0.3221074333465995,-0.020232484484068187,0.2535881003193871,0.16419217351123808,0.1120871136697222,0.2631438164273053,0.19414607994947858,0.22816387276869918,0.37869277934764906,0.07775700498648734,0.09471544905874511,0.3155043469795614,0.29011619873048994,0.33418298785480477,0.0704169759127363,0.20303479696809104,0.06990826762737307,0.06220037699709284,0.27672664352277754,-0.03393751264945044,-0.004722054936037184,0.029526494298527998,0.24308658653833642,-0.10649010450427832,0.10097352470821884,0.20274149796575738,0.20219309545455788,0.24896187311902102,-0.004943613895529538,0.24967391694915533,0.42326615330598205,0.23146694907503768,0.2639904270028436,0.03752670165575926,0.3069642470500321,-0.029374231798733084,0.018073138871620827,0.11475318026867697,-0.007583071430520534,-0.04704472690594913,0.1464275998388834,0.42803887479298364,0.3053246533009813,0.05995052010667675,-0.13798424084784547,-0.10968448408586366,0.3499643782958768,0.3157180882953636,-0.0312989967241204
Recording,0.1630278939607265,0.08148896774391544,0.12981172535723454,0.15597674565072384,0.2822239360038243,0.303777562024981,1.0,0.25367531371951857,0.26530881704546333,0.0019143635252148,0.18488990010396136,0.1295773478703807,0.19497579827708528,0.15923954545805694,0.10822072710080011,0.16498955393676157,0.2088118991560097,-0.0037783994463702697,0.010004508525640108,0.20169435986444437,0.16794858117214995,0.2849666063979436,0.037293305283334764,0.16632361450381217,0.2098033321511464,0.12189278895973496,0.1718319266232359,-0.018162781967096513,-0.009253713137487166,0.035625744091405065,0.1374673703034947,-0.050904727140403824,0.2265134206048437,0.1797533209033502,0.13252116266788994,0.08064300146228334,0.11151900366525447,0.1542897686123772,0.3249105413251532,0.07083224087312102,0.14776409237708932,0.045502520395210966,0.1590807262204991,-0.01572059134451565,-0.024067745663360302,0.21441855735470566,0.03206613373123602,-0.0705302847675694,0.09124223147477406,0.33225880009301195,0.2671787495198561,0.09732759021693181,-0.097233316338011,-0.09367017881155373,0.22537127858148356,0.13100568058548676,-0.03023885234551579
writing,0.16285601655018778,0.13328149221379923,0.38367250963548116,0.48707255029790186,0.6112051030777933,0.44380683020747924,0.25367531371951857,1.0,0.40972914387721227,-0.09657758060688082,0.39373158834672245,0.14852416229289514,0.13034022286327784,0.4220328412985681,0.28291926278190277,0.4768185252973421,0.5251270486403387,0.02225629015064987,0.06566992657951345,0.3521896928269131,0.359579990330051,0.6064737131145779,0.15127960933165996,0.14904071941089872,0.003977210119949753,0.24502148449834005,0.5501614344413501,-0.049761963067979476,0.04937398112220177,0.10910182690325759,0.3534390627969809,-0.18031995470338028,0.10522062860758692,0.5893943327322757,0.18333546075387722,0.504268850175471,-0.0031953377153002803,0.47895105039932956,0.3551743926879894,0.46778246358603237,0.35153398575264727,-0.005280420821055916,0.37533207754416464,-0.04307090661054951,-0.03940367880424212,0.0782613318854149,0.024925432962138783,-0.1749492289968921,0.2152830347505301,0.7227473189995247,0.6450876286061136,0.1344330509397873,-0.19282391174845276,-0.1825067543463025,0.6033793627395808,0.555346278762264,-0.040414090127261985
love,0.002305183088984079,0.06230912406557322,0.10854035350499408,0.23172342033263624,0.2580718379368951,0.3221074333465995,0.26530881704546333,0.40972914387721227,1.0,-0.046951354480735674,0.25316185586297246,0.09589842128369204,0.1603361041719992,0.21002412818250504,0.15974025974026035,0.224259148606378,0.2883696913322136,0.044975216202113664,0.10266231065987523,0.19581171488353175,0.20719108835599453,0.3485943780906855,0.054189526311900924,0.16719568493245718,-0.037999733539388195,0.1940875160137307,0.2704141262096571,-0.02680935146857156,-0.01434769189427324,0.09588236287725285,0.18680994366160425,-0.08887605612440728,-0.048577765403705876,0.2461394978540757,0.16469964465867543,0.27675958704338477,-0.011232416966013745,0.20263651128586918,0.2708161157696581,0.2637663355412888,0.1268045711455433,0.12268148817789262,0.15807781740779162,-0.02320453218083085,0.001320341211614099,0.03295169339500091,0.046679471378408444,-0.000820396057066928,0.043113241927406884,0.4227272485566533,0.3094367112727545,-0.002382967195486381,-0.14352218492095087,-0.14794634051606037,0.26941999723898535,0.2868879050026945,-0.015175020213220633
Email,0.0065222481516525824,0.049640992409086954,-0.06047412008538746,-0.043513925731551474,-0.08569277197100424,-0.020232484484068187,0.0019143635252148,-0.09657758060688082,-0.046951354480735674,1.0,-0.042790980734795286,0.04592846308872921,0.04473274327316478,-0.15072420325003746,0.008147504826596716,-0.11900569124399889,-0.1355159270816597,0.054094994200907465,0.04799323842143709,-0.03728091828060429,-0.052542241337979266,-0.06767455634371955,0.00530414629278548,-0.07433213353327435,0.03440824679049076,-0.029606001043459253,-0.03555699349950843,-0.025789221772297227,0.006227409892081156,0.07266925538119838,-0.07813127658259966,0.08228501188597916,-0.046729320053393565,-0.07575189759673263,0.05544868301241245,-0.03979554739766969,0.17203616881869485,0.002371366394716425,0.020881422816248645,-0.008394299002186389,-0.08201526740590802,0.013201057954528228,-0.062245427546841585,-0.02232157041304732,0.07955454330148685,-0.02232157041304726,0.00930293280651439,-0.01847325772985182,-0.10036045294377156,-0.08540142493979201,-0.04522488900909154,0.058198040838300144,-0.12755045937477058,0.04456633750661877,-0.022864330005668523,-0.14462227563555338,-0.042935959408145714
Audio books,0.12168254873381386,0.10008862869666157,0.20809198742600932,0.31428788457207374,0.32035033256383916,0.2535881003193871,0.18488990010396136,0.39373158834672245,0.25316185586297246,-0.042790980734795286,1.0,0.07490866656570869,0.06284053699180069,0.5076806434564737,0.3223442923939777,0.42063720360483225,0.511643620442972,0.1841523870484438,0.045750084449750546,0.24662877714816359,0.36956502231408395,0.31728431110431354,0.08039215906588194,0.35531810934876745,0.0011237383534845418,0.16301999390484587,0.2897220995019449,-0.05101077188311266,-0.015725302332236898,0.06831784919746371,0.31037907622856653,-0.07731186046697198,0.07604845988747784,0.29051787433004456,0.13894074106925794,0.264246091698073,0.01233437926883591,0.27154043812732725,0.24606766049745035,0.2049457295720656,0.4648285654215133,0.031423715479553346,0.2715905465185946,-0.03418779686082504,-0.034906664372510894,0.045524220362978464,0.036259679298024816,-0.1182050064581571,0.36329255065695687,0.35693166259836845,0.3487083472867707,0.10779721463432097,0.20906767115365005,0.11284733501285615,0.3156613674652089,0.27962875952585686,0.0666583881414738
shave,0.18409451188485787,0.008797509166637919,0.06266620966370266,0.147697676491372,0.14923188790825354,0.16419217351123808,0.1295773478703807,0.14852416229289514,0.09589842128369204,0.04592846308872921,0.07490866656570869,1.0,0.09653733921384505,0.04892458792081549,0.07190815652101815,0.1195346281794375,0.10531858757501887,0.0435902328357164,0.4459481324318824,0.10902610982903359,0.11669569442206838,0.1571603694650327,0.1324709466479104,0.06117608847571859,0.11928266439044055,0.02707923864355594,0.10053875049437604,-0.012068410585807684,0.011100813937647917,0.008797509166637955,0.09134133030828039,-0.0460925035037946,0.13907559086426893,0.16920676973858978,0.0009094580104561145,0.14585388625422568,0.04527957851538649,0.08771720491915878,0.20078224967861177,0.10376846348198601,0.12596021542453278,-0.020997792067010863,0.16186369216288743,-0.010445676842953302,-0.01599201251583692,-0.010445676842953304,-0.014797378312967506,0.028908056958829878,0.07938021998634147,0.21856273194369033,0.14605188097354443,0.0377779199295404,-0.064607480633344,-0.052047720062782445,0.15117362339597407,0.13513251221342373,0.038162618120633575
family,0.06914448483438194,0.08646875698719372,0.0027945479663067352,0.11260216926409164,-0.029138488570025017,0.1120871136697222,0.19497579827708528,0.13034022286327784,0.1603361041719992,0.04473274327316478,0.06284053699180069,0.09653733921384505,1.0,0.05288360474860753,0.0632276135987081,0.08018475655889395,0.11341413615542024,0.07266974983114227,0.046062818440884994,0.1430905720492904,0.11435728802721501,0.07665392442081116,0.13662895568192718,0.12643377451338927,0.10942059171708467,-0.015777615657891503,0.021975963476761413,0.10924688276900564,0.09648149202620587,0.05698551911412606,0.06919354418599614,-0.0011563782563991756,0.037137292772869784,-0.06898078235178774,0.05763569665290322,-0.017669464261358937,0.027453981826136783,-0.004372778588379147,0.22517577801844937,0.10055414267181505,0.07374635012954976,0.15290357109453898,0.11698434416648133,0.05757108990465908,-0.025110269395062577,0.1315437277246024,0.029160450631753557,0.06442905987426677,0.07020968219737296,0.09822102861945428,-0.0038480009536087482,0.01859458234129959,-0.07453170594555365,-0.023455853699049747,0.05966969787352227,0.03818882475531209,0.007257066678894122
fasting,0.08299531718445677,0.06133135348875404,0.25973602435300497,0.34603521460120024,0.42113155519286166,0.2631438164273053,0.15923954545805694,0.4220328412985681,0.21002412818250504,-0.15072420325003746,0.5076806434564737,0.04892458792081549,0.05288360474860753,1.0,0.3313913683658777,0.492947353244231,0.6288570776088623,0.05074312886721647,0.041286396671833266,0.2068038139310683,0.3489879655489859,0.39471522542595117,0.11575207700355009,0.285258252053626,-0.008228736143957418,0.12300735356430095,0.32725344673288154,-0.03946979354047716,0.061042854009319955,0.045846790676919956,0.3753092745138242,-0.21386341473990045,0.09270925575774511,0.39030120150445274,0.029496453372863322,0.29134424064437475,-0.0016170616661816933,0.2748601523855176,0.2585210230820828,0.24265702832063826,0.5200080298420826,0.009423185534367624,0.3203988631275526,0.05325064055326274,-0.07142010322637675,0.05325064055326275,0.020399503788873407,-0.14116312467316533,0.4056299470623409,0.4410856797161224,0.42493610739119353,0.1335784322777827,0.3010903902156257,0.07795136451650217,0.39050575753187666,0.3514989513430518,0.10242860600507858
youtube,0.06202383248798095,0.049601671973358526,0.23889008008339152,0.27548741241984465,0.23048048402489565,0.19414607994947858,0.10822072710080011,0.28291926278190277,0.15974025974026035,0.008147504826596716,0.3223442923939777,0.07190815652101815,0.0632276135987081,0.3313913683658777,1.0,0.4134589756423889,0.45673682536414595,0.14214213409833087,0.04463435293149471,0.20701117746574105,0.4290452842406779,0.2367829657279248,0.05044019692383449,0.2478902353100352,-0.030971327539216675,0.08309428837050725,0.1922983279345996,-0.11917083671090636,-0.0836713485768764,0.10555706999282433,0.5537950716094833,0.03481180672447801,0.04857776540370606,0.2174667697924475,0.1339902738389009,0.17223290051105475,0.030559099722565104,0.21884113912938255,0.17825738795335205,0.15236304883599866,0.3477604292254608,0.04664551173378912,0.22763264273041595,0.02320453218083078,0.03552543072499157,0.02320453218083083,0.03287161247830664,-0.027088696474772644,0.23616227650598293,0.28606917362019685,0.24127527070289279,0.05648440038792723,0.1333065535536293,0.0526726100185898,0.24299196696246278,0.27506320904318915,0.015175020213220605
Watching series,0.09555002050802733,0.007116352833776879,0.3547395159596701,0.3475226734812084,0.40957762107166956,0.22816387276869918,0.16498955393676157,0.4768185252973421,0.224259148606378,-0.11900569124399889,0.42063720360483225,0.1195346281794375,0.08018475655889395,0.492947353244231,0.4134589756423889,1.0,0.5945924087799115,0.04320734206312497,0.0697492186158469,0.25720516230752216,0.40631756864727747,0.3965930538425877,0.0838479315322989,0.2652246524078262,-0.020133490646602043,0.145514287941954,0.3190826437579168,-0.04848712801639461,0.021873991693415033,0.06230781879399962,0.4222785954266984,-0.21137231510038842,0.09850030800122754,0.3814008441694676,0.06542286844893566,0.32953195562861276,-0.009438400735984367,0.2613484414015157,0.23536038364612996,0.21477333851773925,0.49006483514891724,0.03493400296329388,0.3075511653934781,0.00748746939674154,-0.057761168791074194,0.04705143490733439,0.010606772441471193,-0.11019922737707528,0.3160389519860757,0.45462924753611733,0.4171343611018749,0.10027758277109822,0.1758613509390217,-0.023023461197822802,0.3586206493884527,0.4215404139245618,0.04899411957421042
reddit,0.10975387243125288,0.09967924729954762,0.3538613290502877,0.4423336434783822,0.39053209422128915,0.37869277934764906,0.2088118991560097,0.5251270486403387,0.2883696913322136,-0.1355159270816597,0.511643620442972,0.10531858757501887,0.11341413615542024,0.6288570776088623,0.45673682536414595,0.5945924087799115,1.0,0.08680880517381824,0.06908441111543709,0.39493980781372906,0.5422276901849677,0.4035620828228866,0.06464799906992345,0.4713418451728268,0.0035149558950568725,0.15580414893646885,0.31986548192439485,-0.0833537609681441,0.00045361720824067754,0.06019837803737434,0.5172750024380809,-0.2039108629904268,0.09781022434583045,0.367367639578329,0.11541923350472996,0.303875661053249,-0.05155288968434234,0.247210418932444,0.34608546457199935,0.22048031637839316,0.6547226790469722,0.034183015829370875,0.4125437714586142,0.04672179709349001,-0.03246054333648313,0.046721797093490024,-0.018007937942213587,-0.12490544955581112,0.42527207049774546,0.512776195576524,0.40324984779965517,0.12459221942892418,0.24573113360304155,0.021288537830779487,0.41694952219254056,0.4759053906382025,0.06908441111543712
podcast,-0.038999429070594796,0.07184498164621253,-0.014364016041368418,0.03306411597824328,-0.1301114547743528,0.07775700498648734,-0.0037783994463702697,0.02225629015064987,0.044975216202113664,0.054094994200907465,0.1841523870484438,0.0435902328357164,0.07266974983114227,0.05074312886721647,0.14214213409833087,0.04320734206312497,0.08680880517381824,1.0,0.05211262513376114,0.07268424155690738,0.170260541876056,-0.020320339326143504,0.009812383314259581,0.23002795353015248,-0.0004291725301943024,-0.017117197551902358,-0.04617360860469451,-0.03892979735028216,-0.05390978001418832,0.027426836665550843,0.08376726004192563,0.22683974249319078,-0.027468264554741446,-0.1216949290501311,0.1945222426365309,-0.042086025947736194,-0.039136141602638515,-0.08248843929529494,0.13241201720741577,0.03479656104112569,0.11892195218606069,0.021875521613730502,0.05563196922805181,-0.033695247588022934,-0.0515863959084089,-0.033695247588022906,0.01541592411615624,0.17415435142443544,0.18838496366830051,0.0021022512592417377,-0.11928763660164612,0.006316124853669518,0.09974536096115813,0.11922878013751091,-0.03325133533014908,-0.050749222156268536,0.0754978383219264
trimming,0.11666265836768092,-0.0007831010474966302,0.004518289345700512,0.0546718176336663,0.04543766682757865,0.09471544905874511,0.010004508525640108,0.06566992657951345,0.10266231065987523,0.04799323842143709,0.045750084449750546,0.4459481324318824,0.046062818440884994,0.041286396671833266,0.04463435293149471,0.0697492186158469,0.06908441111543709,0.05211262513376114,1.0,0.052949175810708,0.05945699565015568,0.07274653452217397,0.1493588853633269,0.03282640069735042,-0.010617821210868681,-0.023218065375323962,0.03424273902344124,-0.0074910235982990426,0.01626545868088904,-0.03574856281821975,0.05669678338952223,-0.028610232391136255,0.07118977429440174,0.05584117945393151,-0.04526365715414689,0.09321744884621083,-0.01933922985733707,0.034851008908326334,0.1066641667924018,0.10218741829310493,0.07377229145126633,-0.013033609916382222,0.08369271156874511,-0.006483771095987454,-0.009926455707540114,-0.006483771095987472,-0.009184930306046574,0.05453618036244825,0.04853038142307567,0.088514000403776,0.04375901614730771,-0.020821752482335098,-0.04010272592317824,-0.04400103843676082,0.06933065472308214,0.06273357199439954,0.0795712224283654
songs,0.11378323335846303,0.1660111842223493,0.22420343045230487,0.3233945352825104,0.07001133001053927,0.3155043469795614,0.20169435986444437,0.3521896928269131,0.19581171488353175,-0.03728091828060429,0.24662877714816359,0.10902610982903359,0.1430905720492904,0.2068038139310683,0.20701117746574105,0.25720516230752216,0.39493980781372906,0.07268424155690738,0.052949175810708,1.0,0.3343738353716639,0.10871528086425744,0.08611045454566124,0.26068138798257223,0.06124350114124321,0.08437997246005675,0.07595272047772553,-0.04639910113128288,-0.06709541632005006,0.034117956899788894,0.28002176562413444,-0.10751930710329685,0.0757939941234537,0.07512774142332997,0.2146710980068378,0.10706564540644789,0.008337542782996175,0.13119496099684014,0.37584530180652426,0.15403670373041242,0.375730877294164,0.04399626773650348,0.3909978775128533,-0.04016021934080164,-0.034343548960202704,0.04256890608327191,-0.027592507546487444,-0.03551569677186433,0.22000174950761506,0.26118955121900306,0.14633716415663417,0.070285930209142,-0.10542322698962839,-0.06200536131404428,0.2858074180573421,0.3491888121720706,-0.033849564894133176
good meal,0.08120695335536118,0.061176754217819526,0.28722795967637366,0.34995316208903166,0.22688553920698853,0.29011619873048994,0.16794858117214995,0.359579990330051,0.20719108835599453,-0.052542241337979266,0.36956502231408395,0.11669569442206838,0.11435728802721501,0.3489879655489859,0.4290452842406779,0.40631756864727747,0.5422276901849677,0.170260541876056,0.05945699565015568,0.3343738353716639,1.0,0.24601234545283948,0.053387942486526584,0.43392141557076536,0.018773280885584637,0.10316073662392285,0.2030459522051337,-0.05736784558775602,0.0257355510048087,0.020577139535512174,0.4560993008480811,0.008906344800315246,0.06828894533307883,0.22561549645632523,0.19854945163093163,0.2012842900016213,-0.014886552002709245,0.18974839056638002,0.3135734885281012,0.18347862294695258,0.4644253850463861,0.08447399790544144,0.2742936112075932,0.042022898452207025,0.010867327327163083,0.042022898452206886,0.03066978853460552,-0.042348183837734095,0.33283964603190525,0.35238670452740634,0.2713071830267816,0.06952679272184746,0.09684787523199806,0.008670011168805376,0.28602530815665855,0.3437968210795607,-0.004667517774468684
Documentary,0.21138927843185018,-0.048927757286323065,0.4028487192535755,0.36296924273149633,0.7656420580290375,0.33418298785480477,0.2849666063979436,0.6064737131145779,0.3485943780906855,-0.06767455634371955,0.31728431110431354,0.1571603694650327,0.07665392442081116,0.39471522542595117,0.2367829657279248,0.3965930538425877,0.4035620828228866,-0.020320339326143504,0.07274653452217397,0.10871528086425744,0.24601234545283948,1.0,0.19246645440727875,0.05646365147270018,0.07917949509751271,0.23560835453805962,0.652977632205521,-0.03973949810957228,0.0852870304458555,0.11817314003192211,0.2817945464063959,-0.1411538948524772,0.1838370281580546,0.7414742530347301,0.09730699288203348,0.5351834121597494,0.018913148927720252,0.552245383984014,0.1826653617808026,0.45492584241847167,0.24679359794459976,-0.0026077502736693648,0.23941458571388158,-0.03439607495968904,-0.052659341229964025,0.053867416244340466,-0.01746700273811993,-0.21265596753645344,0.11208430328814448,0.7120434343063151,0.7534551813568541,0.10212634843680626,-0.21274291558428715,-0.22593594511975687,0.5832616858824544,0.49338859964541965,-0.066161495402918
yoga,0.277852203077698,0.052740661154037756,0.14397908410755594,0.05850331552335905,0.18559541278991526,0.0704169759127363,0.037293305283334764,0.15127960933165996,0.054189526311900924,0.00530414629278548,0.08039215906588194,0.1324709466479104,0.13662895568192718,0.11575207700355009,0.05044019692383449,0.0838479315322989,0.06464799906992345,0.009812383314259581,0.1493588853633269,0.08611045454566124,0.053387942486526584,0.19246645440727875,1.0,-0.057618753153549356,-0.011998941568622544,0.24515974553191744,0.18721975140317146,-0.008465423617526623,0.046633197652728754,0.0216942469084506,0.0640716562757106,-0.032331727941939066,0.13518636680610338,0.18194346964527217,0.07832189276217597,0.15791679073373005,0.031761499215693954,0.12973679439922162,-0.011950481910621067,0.1314885702657953,-0.003071443084996748,0.06356250054128086,0.03192640002099014,-0.0073271520569060744,-0.011217646224478937,-0.007327152056906082,-0.010379666399101723,-0.06682627491672144,-0.008882598577503344,0.13440428024561393,0.18285860009540494,-0.023530156180829098,-0.04531911543228297,-0.04972450361294163,0.12634889920105277,0.10385289923475138,-0.014093914427666894
News Update,-0.01840698464453633,0.09124941221371409,0.19726850926536865,0.23640363336567485,-0.005517636993934594,0.20303479696809104,0.16632361450381217,0.14904071941089872,0.16719568493245718,-0.07433213353327435,0.35531810934876745,0.06117608847571859,0.12643377451338927,0.285258252053626,0.2478902353100352,0.2652246524078262,0.4713418451728268,0.23002795353015248,0.03282640069735042,0.26068138798257223,0.43392141557076536,0.05646365147270018,-0.057618753153549356,1.0,0.03232839184772977,-0.006213483209892044,-0.007170232078021184,-0.07920021692359884,-0.08510519744798872,0.036508522026772884,0.2056706774939959,0.0564148671240324,0.027109518081404535,-0.03290565239180657,0.18021167217662268,0.04074933958657612,-0.0018904173849227741,0.023075764914401126,0.3305659189534521,0.02479171048401977,0.37591680321727566,0.07912471217154782,0.22951819973161,0.04917205606506997,-0.02770776011493394,0.049172056065069886,-0.013726033883552298,0.022548940861371256,0.4134079099122712,0.12534884237943658,0.040536533038981415,0.06969745388974243,0.16850220504822824,0.12731369439902188,0.10570087315580376,0.15559895681610655,0.07399771505512309
shopping,0.14209997404365193,0.0514274123236372,-0.011410659588255224,0.027085989216006252,0.048381699991026234,0.06990826762737307,0.2098033321511464,0.003977210119949753,-0.037999733539388195,0.03440824679049076,0.0011237383534845418,0.11928266439044055,0.10942059171708467,-0.008228736143957418,-0.030971327539216675,-0.020133490646602043,0.0035149558950568725,-0.0004291725301943024,-0.010617821210868681,0.06124350114124321,0.018773280885584637,0.07917949509751271,-0.011998941568622544,0.03232839184772977,1.0,-0.019766844137217403,-0.012806543902571023,-0.0063775294582970035,-0.023399274943406465,-0.03043476094732185,0.018826290689443113,0.02507715239035484,0.08766926431298251,0.029851619784020705,-0.038535495597207134,-0.0486007077234047,0.054222273081743835,-0.03806387291716027,0.11053016775829645,0.040095503268941256,0.00801769421700976,-0.011096244738643395,0.03429954550868408,-0.005519998785600403,-0.008450949708086908,0.19986995602861457,-0.007819647452788386,-0.013888387462344923,0.028051147483640196,0.0300351827853715,0.020389073947800047,-0.017726728275106914,-0.03414170474528385,-0.03746055731152946,0.022515986987826253,-0.037842456930145256,-0.01061782121086866
repair,0.1160582928395558,-0.0665519088449094,0.2145169975106964,0.13653754523473544,0.3138526815181531,0.06220037699709284,0.12189278895973496,0.24502148449834005,0.1940875160137307,-0.029606001043459253,0.16301999390484587,0.02707923864355594,-0.015777615657891503,0.12300735356430095,0.08309428837050725,0.145514287941954,0.15580414893646885,-0.017117197551902358,-0.023218065375323962,0.08437997246005675,0.10316073662392285,0.23560835453805962,0.24515974553191744,-0.006213483209892044,-0.019766844137217403,1.0,0.2599285732777803,-0.013945789155332775,-0.0027386876010843174,0.01085721469596214,0.09162988007038234,-0.05326271682049642,0.1154720647516246,0.3034854684813405,0.15784933669036164,0.25420730380151,0.06425934997469712,0.2371532368769035,-0.009221181972380766,0.15475807781928194,0.050301201513609964,-0.024264237515950835,0.07358993902522268,-0.012070620716855503,-0.01847975200459082,-0.012070620716855515,-0.017099278860052792,-0.09371379467381992,0.006721447245420896,0.2365680318645362,0.309293395545884,0.023607115581060784,-0.07465790928835557,-0.04896466687381827,0.2153783564507378,0.18561339266451918,-0.023218065375324018
research,0.1664389324572015,0.04217418577848191,0.3644790424468086,0.291762879628144,0.709000150192745,0.27672664352277754,0.1718319266232359,0.5501614344413501,0.2704141262096571,-0.03555699349950843,0.2897220995019449,0.10053875049437604,0.021975963476761413,0.32725344673288154,0.1922983279345996,0.3190826437579168,0.31986548192439485,-0.04617360860469451,0.03424273902344124,0.07595272047772553,0.2030459522051337,0.652977632205521,0.18721975140317146,-0.007170232078021184,-0.012806543902571023,0.2599285732777803,1.0,0.027146112172667613,0.06315844292213507,0.06713765102385377,0.24645680390064073,-0.16264409924453818,0.11979048621959819,0.6997587965029634,0.0738025664043161,0.5317772010904454,-0.01614055347780233,0.5717129414402397,0.1323744024610551,0.38653998234511233,0.16772783939038782,-0.0157203153347765,0.17816764984868577,-0.0391366402422323,-0.005123471243549561,0.0026184609958960067,0.033284523151507456,-0.23205848333583923,0.024599147791381972,0.6310231986059298,0.723087785287933,0.08886334324955651,-0.18129688683233175,-0.18766920432262,0.5807845403455716,0.44226920005853454,-0.05337550151504889
hospital,-0.010409515593012366,-0.021472155910066022,-0.05879620411533364,-0.06478832654996423,-0.0411293342685182,-0.03393751264945044,-0.018162781967096513,-0.049761963067979476,-0.02680935146857156,-0.025789221772297227,-0.05101077188311266,-0.012068410585807684,0.10924688276900564,-0.03946979354047716,-0.11917083671090636,-0.04848712801639461,-0.0833537609681441,-0.03892979735028216,-0.0074910235982990426,-0.04639910113128288,-0.05736784558775602,-0.03973949810957228,-0.008465423617526623,-0.07920021692359884,-0.0063775294582970035,-0.013945789155332775,0.027146112172667613,1.0,0.2002871991384992,-0.02147215591006603,-0.13212431376986025,-0.01718456133885748,-0.008152850060362916,-0.03777317565207655,-0.02718733920621465,-0.03428848925026057,-0.011615990292781877,-0.04498095208288372,-0.03133914322408816,-0.04451071738815187,-0.011351285746680463,-0.007828558188999581,-0.06014756522072665,-0.003894437506932903,-0.005962264991476363,-0.0038944375069329,-0.0055168722881918306,-0.009798454518734068,-0.04884214292105314,-0.04915507306625963,-0.0417095836844094,-0.012506458452467858,-0.024087457384503807,0.02273991335210453,-0.0407815603713727,-0.0604206859134393,-0.0074910235982990495
travel,0.02549746581384392,-0.07878174190378254,0.056863671479637425,0.07132044482868784,0.11982363875372548,-0.004722054936037184,-0.009253713137487166,0.04937398112220177,-0.01434769189427324,0.006227409892081156,-0.015725302332236898,0.011100813937647917,0.09648149202620587,0.061042854009319955,-0.0836713485768764,0.021873991693415033,0.00045361720824067754,-0.05390978001418832,0.01626545868088904,-0.06709541632005006,0.0257355510048087,0.0852870304458555,0.046633197652728754,-0.08510519744798872,-0.023399274943406465,-0.0027386876010843174,0.06315844292213507,0.2002871991384992,1.0,-0.012302086321379677,-0.03047027716579654,-0.0028322139480138142,0.05066704897811351,0.13229609141283302,-0.016578573703059537,-0.0186407569792292,0.014784970936806694,0.0853392547344385,-0.052066853148109576,0.0776027648131794,0.04155490741543419,0.05509959236431864,0.012328998088678754,0.15250687435544663,-0.021875661842612117,-0.014288764100663385,0.038829297409133975,-0.08517009070770226,-0.038482931335171326,0.09292966881619559,0.08371698088765313,-0.019104350322582595,-0.05803478776991714,-0.04037178203738926,0.05692473919485685,0.01121463409408364,0.016265458680888998
movies,0.0012255160690353346,0.05692399226535767,0.038414659792105524,0.061286709824406406,0.037400375399487776,0.029526494298527998,0.035625744091405065,0.10910182690325759,0.09588236287725285,0.07266925538119838,0.06831784919746371,0.008797509166637955,0.05698551911412606,0.045846790676919956,0.10555706999282433,0.06230781879399962,0.06019837803737434,0.027426836665550843,-0.03574856281821975,0.034117956899788894,0.020577139535512174,0.11817314003192211,0.0216942469084506,0.036508522026772884,-0.03043476094732185,0.01085721469596214,0.06713765102385377,-0.02147215591006603,-0.012302086321379677,1.0,0.07652286665309,0.046330440824917274,0.05769330450530888,0.036233955294338475,0.05859403894890944,0.08379232229137798,0.013383199284909095,0.05214484504199192,0.031465371777796486,0.1308097135836553,0.05144156347066337,0.09662415875792356,0.023338896453678537,-0.018584982683786312,0.015279430150536418,0.04806718412995328,0.02088228914492765,-0.0032828715483400827,0.037225183099508306,0.06472250448811384,0.0761723602478642,-0.016874273281577055,-0.03007487613164964,0.02088135755964861,0.06603344791508725,0.06841966848241136,-0.00078310104749661
streaming,0.0787857684630559,0.04785889017607257,0.20994358413156378,0.30159621378270246,0.2801648236208238,0.24308658653833642,0.1374673703034947,0.3534390627969809,0.18680994366160425,-0.07813127658259966,0.31037907622856653,0.09134133030828039,0.06919354418599614,0.3753092745138242,0.5537950716094833,0.4222785954266984,0.5172750024380809,0.08376726004192563,0.05669678338952223,0.28002176562413444,0.4560993008480811,0.2817945464063959,0.0640716562757106,0.2056706774939959,0.018826290689443113,0.09162988007038234,0.24645680390064073,-0.13212431376986025,-0.03047027716579654,0.07652286665309,1.0,-0.1122694871955401,0.06170590278004307,0.2729136291559981,0.11810989186111119,0.21844491024388685,-0.027587278917394015,0.2264926539999607,0.22272616049118207,0.1682773587168786,0.40386076902075285,0.011062430627788484,0.24871834956761352,0.02947555522382053,0.045126175655009954,0.029475555223820456,0.04175516323060225,0.0488435463545476,0.2433525493396016,0.34876145401078384,0.2847512429457993,0.0792599436631926,0.138699814605661,-0.027727426254481644,0.29616097631098776,0.3010944991109923,0.03154515518940154
gaming,-0.0397567376857369,-0.04992334046236725,0.019761990310120207,-0.12626378419667658,-0.15708398139103746,-0.10649010450427832,-0.050904727140403824,-0.18031995470338028,-0.08887605612440728,0.08228501188597916,-0.07731186046697198,-0.0460925035037946,-0.0011563782563991756,-0.21386341473990045,0.03481180672447801,-0.21137231510038842,-0.2039108629904268,0.22683974249319078,-0.028610232391136255,-0.10751930710329685,0.008906344800315246,-0.1411538948524772,-0.032331727941939066,0.0564148671240324,0.02507715239035484,-0.05326271682049642,-0.16264409924453818,-0.01718456133885748,-0.0028322139480138142,0.046330440824917274,-0.1122694871955401,1.0,-0.031137925520623926,-0.14426590964184213,0.12362897783769056,-0.09647698675265039,-0.016659988945993947,-0.09123649787967486,-0.10754653091474042,-0.02845194537747986,-0.12366491897256417,0.01055538284236793,-0.16411999311689365,-0.014873903498502877,-0.022771492406245788,-0.014873903498502858,0.035947410051414386,0.04509232205753731,0.006479110289679018,-0.17796670078689938,-0.15930010985674356,-0.04776552603524599,-0.06270846959462358,0.0356346253372202,-0.14526235010173275,-0.1651947243623099,-0.028610232391136272
holotropic,0.22792995957811737,-0.03890692222576767,0.13866286409188,0.1071280396169309,0.1982247027665453,0.10097352470821884,0.2265134206048437,0.10522062860758692,-0.048577765403705876,-0.046729320053393565,0.07604845988747784,0.13907559086426893,0.037137292772869784,0.09270925575774511,0.04857776540370606,0.09850030800122754,0.09781022434583045,-0.027468264554741446,0.07118977429440174,0.0757939941234537,0.06828894533307883,0.1838370281580546,0.13518636680610338,0.027109518081404535,0.08766926431298251,0.1154720647516246,0.11979048621959819,-0.008152850060362916,0.05066704897811351,0.05769330450530888,0.06170590278004307,-0.031137925520623926,1.0,0.17210150322618403,0.03130795945705077,0.09935592583594936,0.14577806414936703,0.12061531833758428,0.1138715412783938,0.06140378808364133,0.10270295711470395,-0.01418511983030616,0.11673722725199472,-0.007056607535357864,-0.010803450817159945,-0.007056607535357902,-0.009996412188193412,-0.06292483275021403,0.078907583276621,0.16585978927084694,0.17461755936025203,0.029227316841866784,-0.04364577245995341,-0.020475402685928092,0.15779047603441612,0.07853122360046076,-0.013573516965465925
cooking,0.22372694739080157,-0.12613699463629874,0.5314802029856691,0.3052235193413463,0.9007670760879966,0.20274149796575738,0.1797533209033502,0.5893943327322757,0.2461394978540757,-0.07575189759673263,0.29051787433004456,0.16920676973858978,-0.06898078235178774,0.39030120150445274,0.2174667697924475,0.3814008441694676,0.367367639578329,-0.1216949290501311,0.05584117945393151,0.07512774142332997,0.22561549645632523,0.7414742530347301,0.18194346964527217,-0.03290565239180657,0.029851619784020705,0.3034854684813405,0.6997587965029634,-0.03777317565207655,0.13229609141283302,0.036233955294338475,0.2729136291559981,-0.14426590964184213,0.17210150322618403,1.0,0.06518618508863852,0.5781486853604467,0.04268778983454205,0.6472437044669059,-0.0035640177733727066,0.405191073662255,0.1942549429083745,-0.06572143716967326,0.18536647953015864,-0.03269414670542516,-0.05005374100391425,-0.032694146705425156,0.017807795696595203,-0.31143913544489965,0.009369121303778927,0.6970332060262647,0.8296925894152586,0.0694417647188174,-0.20221633139258213,-0.2141938385597366,0.6253088403949916,0.5303634607101977,-0.06288780448026073
