,writing,kaballah,family,hospital,News Update,learning,yoga,video editing,walk,prayer,podcast,party,Documentary,movies,Audio books,Poetry,write diary,shave,power nap,good meal,cleaning,Email,reading,songs,meditation,diet,fasting,Watching series,research,Recording,Exercise,gaming,penpal,repair,holotropic,coding/cooking/tutorial,shopping,reddit,jobs,shower,Art,friends,designing,love,new things,travel,phd
writing,1.0,-0.040414090127261985,0.13034022286327784,-0.049761963067979476,0.14904071941089872,0.7538790767453857,0.15127960933165996,0.0782613318854149,0.35153398575264727,0.4001107654120651,0.02225629015064987,0.024925432962138783,0.6064737131145779,0.10910182690325759,0.39373158834672245,0.1628560165501878,0.13328149221379917,0.14852416229289514,0.555346278762264,0.359579990330051,0.504268850175471,-0.09657758060688082,0.46778246358603237,0.3521896928269131,0.2152830347505301,-0.2233076076113016,0.4220328412985681,0.4768185252973421,0.5501614344413501,0.25367531371951857,0.1344330509397873,-0.22756199614440908,0.38367250963548116,0.24502148449834005,0.10522062860758692,0.6531246563929285,0.003977210119949753,0.5251270486403387,-0.0031953377153002803,0.4870725502979017,0.44380683020747924,-0.005280420821055916,0.18333546075387722,0.40972914387721227,0.47895105039932956,0.04937398112220177,-0.03940367880424212
kaballah,-0.040414090127261985,1.0,0.007257066678894126,-0.0074910235982990495,0.07399771505512309,-0.06709822948756665,-0.014093914427666889,-0.0064837710959874525,0.09436580700799685,0.06061728555024268,0.0754978383219264,-0.009184930306046566,-0.066161495402918,-0.000783101047496612,0.0666583881414738,-0.017330594265552557,0.10411328426467314,0.03816261812063356,-0.0393456550300151,-0.00466751777446868,-0.03203560836062967,-0.042935959408145714,-0.07410500293025715,-0.033849564894133204,0.09008132160601574,0.21847050605305132,0.10242860600507858,0.04899411957421042,-0.05337550151504889,-0.03023885234551579,-0.020821752482335042,0.0020195165554481405,-0.09788862399720771,-0.023218065375324004,-0.013573516965465923,-0.029791091854095883,-0.010617821210868662,0.06908441111543712,-0.019339229857337055,-0.04691356136521844,-0.0312989967241204,-0.013033609916382192,-0.0452636571541469,-0.015175020213220633,-0.030992328796473408,0.016265458680888998,-0.009926455707540112
family,0.13034022286327784,0.007257066678894126,1.0,0.10924688276900564,0.12643377451338927,0.12964211883533555,0.13662895568192718,0.1315437277246024,0.07374635012954976,0.11896886628671498,0.07266974983114227,0.029160450631753557,0.07665392442081116,0.05698551911412606,0.06284053699180069,0.06914448483438197,0.0864687569871937,0.09653733921384508,0.03818882475531209,0.11435728802721501,-0.017669464261358937,0.04473274327316478,0.10055414267181505,0.1430905720492904,0.07020968219737296,-0.04935386503524155,0.05288360474860753,0.08018475655889395,0.021975963476761413,0.19497579827708528,0.01859458234129959,0.04983419987279494,0.0027945479663067465,-0.015777615657891503,0.037137292772869784,0.036243010869470106,0.10942059171708467,0.11341413615542024,0.027453981826136783,0.11260216926409165,0.1120871136697222,0.15290357109453898,0.05763569665290322,0.1603361041719992,-0.004372778588379147,0.09648149202620587,-0.025110269395062577
hospital,-0.049761963067979476,-0.0074910235982990495,0.10924688276900564,1.0,-0.07920021692359884,-0.052846516952223185,-0.008465423617526623,-0.0038944375069329,-0.011351285746680463,-0.06152311657885255,-0.03892979735028216,-0.0055168722881918306,-0.03973949810957229,-0.02147215591006603,-0.05101077188311264,-0.010409515593012366,-0.021472155910066022,-0.012068410585807684,-0.0604206859134393,-0.05736784558775601,-0.03428848925026057,-0.025789221772297227,-0.04451071738815187,-0.04639910113128288,-0.04884214292105314,0.007089376831472815,-0.03946979354047716,-0.04848712801639461,0.027146112172667623,-0.018162781967096513,-0.012506458452467858,-0.014716668888400892,-0.05879620411533364,-0.013945789155332775,-0.008152850060362916,-0.04439333448543013,-0.006377529458297002,-0.0833537609681441,-0.011615990292781877,-0.06478832654996423,-0.03393751264945044,-0.007828558188999581,-0.02718733920621465,-0.02680935146857156,-0.04498095208288372,0.2002871991384992,-0.005962264991476363
News Update,0.14904071941089872,0.07399771505512309,0.12643377451338927,-0.07920021692359884,1.0,0.14877517203158958,-0.05761875315354933,0.049172056065069886,0.37591680321727566,0.23893600749092292,0.2300279535301525,-0.013726033883552298,0.056463651472700216,0.036508522026772884,0.35531810934876745,-0.018406984644536342,0.09124941221371406,0.06117608847571861,0.15559895681610655,0.4339214155707653,0.04074933958657612,-0.07433213353327438,0.02479171048401977,0.26068138798257223,0.4134079099122712,0.18641803343124802,0.285258252053626,0.26522465240782617,-0.007170232078021184,0.1663236145038122,0.06969745388974243,0.039901125287238104,0.19726850926536862,-0.006213483209892044,0.027109518081404535,0.03755733953815284,0.03232839184772977,0.4713418451728268,-0.0018904173849227741,0.23640363336567483,0.203034796968091,0.07912471217154782,0.18021167217662268,0.1671956849324572,0.023075764914401126,-0.08510519744798872,-0.02770776011493394
learning,0.7538790767453857,-0.06709822948756665,0.12964211883533555,-0.052846516952223185,0.14877517203158958,1.0,0.16018886590349807,0.07369336205172662,0.37133426269841274,0.39189895376401473,-0.01682176364541935,0.019798908714226605,0.7152076259049802,0.057224616528038945,0.39477581634712605,0.1969763797758567,0.12862878405417555,0.20193059424951856,0.5689022031279087,0.38108869042754495,0.5351500008917952,-0.07594398597742656,0.4922515357320843,0.3216145833770709,0.15937444353400335,-0.2947255485137411,0.47750078398613227,0.4642276832047746,0.646869898016984,0.34368929145352833,0.14716210400246135,-0.30523908270397404,0.3829576007715406,0.25233318233943597,0.15427412307482116,0.7849841858106673,0.04733577718236986,0.5491078289070567,0.0279859309858848,0.46992797173452155,0.47063120505261047,-0.011919120285407172,0.15712525248629705,0.4270927137646193,0.5772601884226052,0.08406334878719522,-0.07002762745843231
yoga,0.15127960933165996,-0.014093914427666889,0.13662895568192718,-0.008465423617526623,-0.05761875315354933,0.16018886590349807,1.0,-0.007327152056906082,-0.003071443084996748,0.029019078128341043,0.009812383314259583,-0.010379666399101723,0.19246645440727875,0.0216942469084506,0.08039215906588194,0.277852203077698,0.05274066115403777,0.1324709466479104,0.10385289923475138,0.05338794248652658,0.15791679073373005,0.005304146292785476,0.1314885702657953,0.08611045454566126,-0.008882598577503344,-0.02002604097001882,0.11575207700355009,0.0838479315322989,0.18721975140317146,0.037293305283334764,-0.023530156180829098,-0.07478541557394151,0.14397908410755592,0.24515974553191744,0.13518636680610338,0.19069132147090628,-0.011998941568622544,0.06464799906992345,0.031761499215693954,0.058503315523359065,0.07041697591273628,0.06356250054128086,0.07832189276217597,0.0541895263119009,0.12973679439922162,0.046633197652728754,-0.011217646224478937
video editing,0.0782613318854149,-0.0064837710959874525,0.1315437277246024,-0.0038944375069329,0.049172056065069886,0.07369336205172662,-0.007327152056906082,1.0,0.04905894813458894,0.06330039379493235,-0.033695247588022906,0.23212129628968542,0.053867416244340466,0.04806718412995327,0.045524220362978464,-0.009009838967872134,0.18137151775743285,-0.010445676842953297,-0.013379173617805584,0.042022898452206886,0.01807417889557009,-0.022321570413047262,0.04548766826712337,0.04256890608327193,0.046831527485270766,-0.029678015642134365,0.05325064055326275,0.04705143490733439,0.0026184609958959945,0.21441855735470566,-0.010824824239732968,-0.002626827111894691,-0.011848192682627344,-0.012070620716855515,-0.007056607535357902,0.04567576727352925,0.19986995602861457,0.046721797093490024,-0.010054089554425058,0.06011017284000284,0.11475318026867697,-0.0067759203589502735,-0.023531695209462175,0.03295169339500092,0.0029047303215148225,-0.01428876410066339,-0.005160571303917698
walk,0.35153398575264727,0.09436580700799685,0.07374635012954976,-0.011351285746680463,0.37591680321727566,0.37133426269841274,-0.003071443084996748,0.04905894813458894,1.0,0.3555025633136199,0.11892195218606065,-0.06952819522829723,0.24679359794459976,0.05144156347066337,0.4648285654215133,0.07117174845967145,0.10620335046915041,0.12596021542453278,0.32718894194460735,0.4644253850463861,0.19093285275231392,-0.08201526740590805,0.14162398189019987,0.375730877294164,0.47582544891657735,0.14609460614429565,0.5200080298420826,0.49006483514891735,0.16772783939038788,0.14776409237708932,0.08190706568823672,-0.09468506508734517,0.1999352447079189,0.05030120151360998,0.10270295711470397,0.25323022694069947,0.008017694217009768,0.6547226790469722,-0.042815387722706974,0.30703124813450544,0.2639904270028436,0.07888981568116508,0.09453526820691013,0.12680457114554328,0.17378867853617877,0.04155490741543419,-0.027920239848378978
prayer,0.4001107654120651,0.06061728555024268,0.11896886628671498,-0.06152311657885255,0.23893600749092292,0.39189895376401473,0.029019078128341043,0.06330039379493235,0.3555025633136199,1.0,0.05281901049611183,-0.04791726343156826,0.25632752433455314,0.023833741976333735,0.2793604439382397,0.09502266098780866,0.14771024447100692,0.15746292675665993,0.353716227078462,0.28996116100020497,0.16904599840390278,-0.05732855758620229,0.21113440010604737,0.3890020901723547,0.29820686015601533,-0.07501629699518354,0.33579947442894736,0.3204968353149002,0.1917234185790343,0.18828744098559183,0.09099428191875328,-0.11196725248198604,0.19831127825278555,0.06875426426889394,0.1325168573005173,0.2624284631837971,0.03208672762627543,0.4251239391662318,-0.011753642666227316,0.5312190669993698,0.3283985834818775,0.04914923684746722,0.08673938666523513,0.17483748984586314,0.21598176192381174,0.006769280416174802,-0.005052501307381571
podcast,0.02225629015064987,0.0754978383219264,0.07266974983114227,-0.03892979735028216,0.2300279535301525,-0.01682176364541935,0.009812383314259583,-0.033695247588022906,0.11892195218606065,0.05281901049611183,1.0,0.01541592411615624,-0.020320339326143504,0.027426836665550843,0.1841523870484438,-0.038999429070594796,0.07184498164621253,0.043590232835716405,-0.050749222156268536,0.170260541876056,-0.042086025947736194,0.054094994200907465,0.03479656104112569,0.07268424155690738,0.18838496366830051,0.16794498144495454,0.05074312886721645,0.043207342063124946,-0.04617360860469451,-0.0037783994463702654,0.006316124853669518,0.2270962548840776,-0.01436401604136839,-0.017117197551902358,-0.027468264554741446,-0.10386955134098039,-0.0004291725301943024,0.08680880517381824,-0.039136141602638515,0.033064115978243276,0.07775700498648735,0.021875521613730502,0.1945222426365309,0.04497521620211368,-0.08248843929529494,-0.05390978001418832,-0.0515863959084089
party,0.024925432962138783,-0.009184930306046566,0.029160450631753557,-0.0055168722881918306,-0.013726033883552298,0.019798908714226605,-0.010379666399101723,0.23212129628968542,-0.06952819522829723,-0.04791726343156826,0.01541592411615624,1.0,-0.017467002738119936,0.02088228914492765,0.03625967929802481,-0.012763365912134292,0.020882289144927662,-0.014797378312967506,0.008612184255342744,0.03066978853460552,0.025603938053514148,0.009302932806514393,0.03468455493808023,-0.027592507546487424,-0.017810481453857926,0.025603938053514193,0.020399503788873407,0.010606772441471197,0.033284523151507456,0.03206613373123601,-0.015334479694799959,-0.0037211714589550663,0.03852311466564757,-0.017099278860052792,-0.00999641218819341,0.005136331360368394,-0.007819647452788386,-0.018007937942213587,-0.014242654541782652,-0.024574966191096538,-0.007583071430520538,-0.009598789860856704,0.006040879566166033,0.046679471378408444,0.004114850010279458,0.038829297409133975,-0.007310481364032339
Documentary,0.6064737131145779,-0.066161495402918,0.07665392442081116,-0.03973949810957229,0.056463651472700216,0.7152076259049802,0.19246645440727875,0.053867416244340466,0.24679359794459976,0.25632752433455314,-0.020320339326143504,-0.017467002738119936,1.0,0.11817314003192211,0.31728431110431354,0.21138927843185018,-0.04892775728632305,0.15716036946503273,0.49338859964541965,0.24601234545283945,0.5351834121597494,-0.06767455634371955,0.45492584241847167,0.10871528086425747,0.11208430328814448,-0.2587330161305468,0.3947152254259512,0.3965930538425877,0.652977632205521,0.28496660639794363,0.10212634843680626,-0.25272128467445504,0.4028487192535755,0.23560835453805962,0.1838370281580546,0.7731008762679795,0.07917949509751271,0.4035620828228865,0.018913148927720252,0.36296924273149633,0.33418298785480477,-0.0026077502736693648,0.09730699288203348,0.3485943780906855,0.552245383984014,0.0852870304458555,-0.052659341229964025
movies,0.10910182690325759,-0.000783101047496612,0.05698551911412606,-0.02147215591006603,0.036508522026772884,0.057224616528038945,0.0216942469084506,0.04806718412995327,0.05144156347066337,0.023833741976333735,0.027426836665550843,0.02088228914492765,0.11817314003192211,1.0,0.06831784919746373,0.0012255160690353413,0.05692399226535767,0.008797509166637955,0.06841966848241136,0.02057713953551215,0.08379232229137798,0.07266925538119838,0.1308097135836553,0.03411795689978888,0.037225183099508306,-0.011370521160485914,0.04584679067691994,0.06230781879399963,0.06713765102385377,0.035625744091405086,-0.016874273281577055,-0.0037366112126032856,0.038414659792105524,0.010857214695962148,0.05769330450530888,0.06468394076926427,-0.03043476094732185,0.06019837803737434,0.013383199284909095,0.061286709824406406,0.029526494298527994,0.09662415875792356,0.05859403894890944,0.09588236287725285,0.05214484504199192,-0.012302086321379677,0.015279430150536418
Audio books,0.39373158834672245,0.0666583881414738,0.06284053699180069,-0.05101077188311264,0.35531810934876745,0.39477581634712605,0.08039215906588194,0.045524220362978464,0.4648285654215133,0.2793604439382397,0.1841523870484438,0.03625967929802481,0.31728431110431354,0.06831784919746373,1.0,0.12168254873381389,0.10008862869666159,0.07490866656570869,0.27962875952585686,0.36956502231408395,0.264246091698073,-0.04279098073479529,0.2049457295720656,0.24662877714816359,0.36329255065695687,0.19596063981622297,0.5076806434564737,0.42063720360483225,0.2897220995019449,0.18488990010396134,0.10779721463432097,-0.13160186764418816,0.20809198742600934,0.16301999390484587,0.07604845988747784,0.3535770725571742,0.0011237383534845418,0.511643620442972,0.01233437926883591,0.31428788457207374,0.2535881003193871,0.031423715479553346,0.13894074106925794,0.25316185586297246,0.27154043812732725,-0.015725302332236898,-0.034906664372510894
Poetry,0.1628560165501878,-0.017330594265552557,0.06914448483438197,-0.010409515593012366,-0.018406984644536342,0.1969763797758567,0.277852203077698,-0.009009838967872134,0.07117174845967145,0.09502266098780866,-0.038999429070594796,-0.012763365912134292,0.21138927843185018,0.0012255160690353413,0.12168254873381389,1.0,-0.02422531764372069,0.18409451188485787,0.05340087484517827,0.08120695335536118,0.19418252054603244,0.0065222481516525824,0.08950469749089796,0.11378323335846303,0.04956611364639876,-0.024625038883124627,0.08299531718445677,0.09555002050802733,0.1664389324572015,0.1630278939607265,0.05309136838211733,-0.08423825598555416,0.11741164579241628,0.1160582928395558,0.22792995957811737,0.21842716111477872,0.14209997404365193,0.10975387243125288,0.06103199588498334,0.1163041350278517,0.14162270816554567,-0.01811148555033623,0.06446720488278997,0.002305183088984079,0.15154323408508427,0.02549746581384392,-0.013793788541054373
write diary,0.13328149221379917,0.10411328426467314,0.0864687569871937,-0.021472155910066022,0.09124941221371406,0.12862878405417555,0.05274066115403777,0.18137151775743285,0.10620335046915041,0.14771024447100692,0.07184498164621253,0.020882289144927662,-0.04892775728632305,0.05692399226535767,0.10008862869666159,-0.02422531764372069,1.0,0.008797509166637919,0.02964157508637604,0.061176754217819526,0.007662047529886913,0.049640992409086954,0.13918101028927377,0.1660111842223493,0.16350092292044244,0.0266946162202597,0.06133135348875404,0.007116352833776879,0.04217418577848191,0.08148896774391544,0.004530167116787051,-0.01179649964945051,-0.06273203685714643,-0.0665519088449094,-0.03890692222576767,-0.0023553850475969687,0.0514274123236372,0.09967924729954762,-0.009555758414560793,0.15390388405629715,0.211435001474681,0.06312828384688876,0.09182999709926483,0.06230912406557322,0.03546969853438269,-0.07878174190378254,-0.02845304140212067
shave,0.14852416229289514,0.03816261812063356,0.09653733921384508,-0.012068410585807684,0.06117608847571861,0.20193059424951856,0.1324709466479104,-0.010445676842953297,0.12596021542453278,0.15746292675665993,0.043590232835716405,-0.014797378312967506,0.15716036946503273,0.008797509166637955,0.07490866656570869,0.18409451188485787,0.008797509166637919,1.0,0.13513251221342373,0.11669569442206838,0.14585388625422568,0.045928463088729186,0.10376846348198601,0.10902610982903359,0.07938021998634147,0.05072483907831085,0.04892458792081549,0.1195346281794375,0.10053875049437604,0.1295773478703807,0.0377779199295404,0.014240395027981313,0.06266620966370268,0.02707923864355594,0.13907559086426893,0.16015933182450254,0.11928266439044055,0.10531858757501887,0.04527957851538649,0.147697676491372,0.16419217351123808,-0.020997792067010863,0.0009094580104561145,0.09589842128369205,0.08771720491915878,0.011100813937647917,-0.01599201251583692
power nap,0.555346278762264,-0.0393456550300151,0.03818882475531209,-0.0604206859134393,0.15559895681610655,0.5689022031279087,0.10385289923475138,-0.013379173617805584,0.32718894194460735,0.353716227078462,-0.050749222156268536,0.008612184255342744,0.49338859964541965,0.06841966848241136,0.27962875952585686,0.05340087484517827,0.02964157508637604,0.13513251221342373,1.0,0.34379682107956083,0.4396980713979327,-0.14462227563555344,0.2821069532845619,0.3491888121720706,0.14133598710870127,-0.19929088286876906,0.3514989513430518,0.42154041392456176,0.44226920005853465,0.13100568058548678,0.06951438413596582,-0.23527120202184953,0.39616116371310667,0.18561339266451918,0.07853122360046076,0.4998773838283193,-0.037842456930145256,0.4759053906382025,-0.03544165907226658,0.39180723253277056,0.3157180882953636,-0.007336902951486307,0.14593987723909935,0.2868879050026945,0.34040278847054906,0.011214634094083631,-0.054529480071964266
good meal,0.359579990330051,-0.00466751777446868,0.11435728802721501,-0.05736784558775601,0.4339214155707653,0.38108869042754495,0.05338794248652658,0.042022898452206886,0.4644253850463861,0.28996116100020497,0.170260541876056,0.03066978853460552,0.24601234545283945,0.02057713953551215,0.36956502231408395,0.08120695335536118,0.061176754217819526,0.11669569442206838,0.34379682107956083,1.0,0.2012842900016213,-0.052542241337979266,0.18347862294695258,0.3343738353716639,0.33283964603190525,0.061666033049237984,0.3489879655489859,0.40631756864727747,0.2030459522051337,0.16794858117214997,0.06952679272184746,-0.04937045240173212,0.28722795967637366,0.10316073662392285,0.06828894533307883,0.26387041557636476,0.018773280885584637,0.5422276901849677,-0.014886552002709245,0.34995316208903166,0.29011619873049,0.08447399790544144,0.19854945163093163,0.2071910883559945,0.18974839056638002,0.0257355510048087,0.010867327327163083
cleaning,0.504268850175471,-0.03203560836062967,-0.017669464261358937,-0.03428848925026057,0.04074933958657612,0.5351500008917952,0.15791679073373005,0.01807417889557009,0.19093285275231392,0.16904599840390278,-0.042086025947736194,0.025603938053514148,0.5351834121597494,0.08379232229137798,0.264246091698073,0.19418252054603244,0.007662047529886913,0.14585388625422568,0.4396980713979327,0.2012842900016213,1.0,-0.03979554739766969,0.29653813781994925,0.10706564540644786,0.06741472957217289,-0.17266758283707398,0.2913442406443748,0.3295319556286127,0.5317772010904452,0.08064300146228337,0.1040476879648355,-0.16556344429489048,0.3546304584366759,0.2542073038015101,0.09935592583594934,0.5862646395105301,-0.04860070772340469,0.303875661053249,0.010085137940920334,0.25829102131326576,0.24896187311902102,-0.011662956591858653,0.13411427646426852,0.2767595870433847,0.43972762828582923,-0.018640756979229216,-0.04543613637773899
Email,-0.09657758060688082,-0.042935959408145714,0.04473274327316478,-0.025789221772297227,-0.07433213353327438,-0.07594398597742656,0.005304146292785476,-0.022321570413047262,-0.08201526740590805,-0.05732855758620229,0.054094994200907465,0.009302932806514393,-0.06767455634371955,0.07266925538119838,-0.04279098073479529,0.0065222481516525824,0.049640992409086954,0.045928463088729186,-0.14462227563555344,-0.052542241337979266,-0.03979554739766969,1.0,-0.008394299002186389,-0.03728091828060429,-0.10036045294377156,0.0014503019826912966,-0.15072420325003746,-0.11900569124399889,-0.03555699349950843,0.0019143635252148042,0.058198040838300144,0.01520956065293064,-0.06047412008538746,-0.029606001043459253,-0.046729320053393565,-0.05831625275415585,0.03440824679049076,-0.1355159270816597,0.17203616881869485,-0.04351392573155146,-0.020232484484068194,0.013201057954528228,0.05544868301241245,-0.04695135448073567,0.002371366394716425,0.006227409892081156,0.07955454330148685
reading,0.46778246358603237,-0.07410500293025715,0.10055414267181505,-0.04451071738815187,0.02479171048401977,0.4922515357320843,0.1314885702657953,0.04548766826712337,0.14162398189019987,0.21113440010604737,0.03479656104112569,0.03468455493808023,0.45492584241847167,0.1308097135836553,0.2049457295720656,0.08950469749089796,0.13918101028927377,0.10376846348198601,0.2821069532845619,0.18347862294695258,0.29653813781994925,-0.008394299002186389,1.0,0.15403670373041242,0.22686488404423588,-0.0873032240962455,0.24265702832063824,0.21477333851773917,0.38653998234511233,0.070832240873121,0.05164828525212958,-0.20273076270983723,0.28138717695518367,0.1547580778192819,0.06140378808364132,0.4269782136113508,0.040095503268941256,0.2204803163783931,-0.013712290941089979,0.2735574614970628,0.23146694907503768,0.04921811533928191,0.059211741437943013,0.26376633554128887,0.41153407429445493,0.0776027648131794,-0.0314198949575506
songs,0.3521896928269131,-0.033849564894133204,0.1430905720492904,-0.04639910113128288,0.26068138798257223,0.3216145833770709,0.08611045454566126,0.04256890608327193,0.375730877294164,0.3890020901723547,0.07268424155690738,-0.027592507546487424,0.10871528086425747,0.03411795689978888,0.24662877714816359,0.11378323335846303,0.1660111842223493,0.10902610982903359,0.3491888121720706,0.3343738353716639,0.10706564540644786,-0.03728091828060429,0.15403670373041242,1.0,0.22000174950761506,-0.07010951306156962,0.20680381393106836,0.25720516230752216,0.07595272047772553,0.20169435986444437,0.070285930209142,-0.06797783116208743,0.22420343045230487,0.08437997246005675,0.0757939941234537,0.12987533922309896,0.06124350114124321,0.39493980781372895,0.008337542782996175,0.3233945352825104,0.3155043469795615,0.04399626773650348,0.2146710980068378,0.19581171488353175,0.13119496099684014,-0.06709541632005006,-0.034343548960202704
meditation,0.2152830347505301,0.09008132160601574,0.07020968219737296,-0.04884214292105314,0.4134079099122712,0.15937444353400335,-0.008882598577503344,0.046831527485270766,0.47582544891657735,0.29820686015601533,0.18838496366830051,-0.017810481453857926,0.11208430328814448,0.037225183099508306,0.36329255065695687,0.04956611364639876,0.16350092292044244,0.07938021998634147,0.14133598710870127,0.33283964603190525,0.06741472957217289,-0.10036045294377156,0.22686488404423588,0.22000174950761506,1.0,0.2540066959253575,0.4056299470623409,0.3160389519860757,0.024599147791382007,0.09124223147477406,0.09952149854862374,-0.02895359467462417,0.13379140553863797,0.006721447245420897,0.07890758327662097,0.08074178328765284,0.02805114748364016,0.4252720704977454,-0.023870997192784547,0.2746490192411338,0.14642759983888337,0.03443340274315667,0.08337734919843029,0.04311324192740691,0.06532773367728793,-0.03848293133517133,-0.05822523410823057
diet,-0.2233076076113016,0.21847050605305132,-0.04935386503524155,0.007089376831472815,0.18641803343124802,-0.2947255485137411,-0.02002604097001882,-0.029678015642134365,0.14609460614429565,-0.07501629699518354,0.16794498144495454,0.025603938053514193,-0.2587330161305468,-0.011370521160485914,0.19596063981622297,-0.024625038883124627,0.0266946162202597,0.05072483907831085,-0.19929088286876906,0.061666033049237984,-0.17266758283707398,0.0014503019826912966,-0.0873032240962455,-0.07010951306156962,0.2540066959253575,1.0,0.19150057434474788,0.08098661345451832,-0.21938413154356518,-0.11650614005935053,0.01203786586290643,0.05963879263911024,-0.1414789012966841,-0.07854606669100579,-0.015990982343331413,-0.24824914352797373,-0.048600707723404725,0.13981904009144142,0.01008513794092045,-0.023715738777594697,-0.11457991673813496,-0.011662956591858644,-0.04844077186892868,-0.15619745452696682,-0.1456616999840617,-0.06626935778738931,-0.04543613637773903
fasting,0.4220328412985681,0.10242860600507858,0.05288360474860753,-0.03946979354047716,0.285258252053626,0.47750078398613227,0.11575207700355009,0.05325064055326275,0.5200080298420826,0.33579947442894736,0.05074312886721645,0.020399503788873407,0.3947152254259512,0.04584679067691994,0.5076806434564737,0.08299531718445677,0.06133135348875404,0.04892458792081549,0.3514989513430518,0.3489879655489859,0.2913442406443748,-0.15072420325003746,0.24265702832063824,0.20680381393106836,0.4056299470623409,0.19150057434474788,1.0,0.492947353244231,0.32725344673288154,0.15923954545805696,0.1335784322777827,-0.20749426326843096,0.2597360243530049,0.12300735356430095,0.09270925575774511,0.4262862619998592,-0.008228736143957418,0.6288570776088623,-0.0016170616661816933,0.34603521460120024,0.2631438164273053,0.009423185534367624,0.029496453372863322,0.21002412818250504,0.2748601523855176,0.061042854009319955,-0.07142010322637675
Watching series,0.4768185252973421,0.04899411957421042,0.08018475655889395,-0.04848712801639461,0.26522465240782617,0.4642276832047746,0.0838479315322989,0.04705143490733439,0.49006483514891735,0.3204968353149002,0.043207342063124946,0.010606772441471197,0.3965930538425877,0.06230781879399963,0.42063720360483225,0.09555002050802733,0.007116352833776879,0.1195346281794375,0.42154041392456176,0.40631756864727747,0.3295319556286127,-0.11900569124399889,0.21477333851773917,0.25720516230752216,0.3160389519860757,0.08098661345451832,0.492947353244231,1.0,0.3190826437579168,0.16498955393676157,0.10027758277109822,-0.16427201823221435,0.3547395159596701,0.145514287941954,0.09850030800122754,0.41696571900640844,-0.020133490646602043,0.5945924087799115,-0.009438400735984367,0.3475226734812084,0.22816387276869918,0.03493400296329388,0.06542286844893566,0.224259148606378,0.2613484414015157,0.021873991693415033,-0.057761168791074194
research,0.5501614344413501,-0.05337550151504889,0.021975963476761413,0.027146112172667623,-0.007170232078021184,0.646869898016984,0.18721975140317146,0.0026184609958959945,0.16772783939038788,0.1917234185790343,-0.04617360860469451,0.033284523151507456,0.652977632205521,0.06713765102385377,0.2897220995019449,0.1664389324572015,0.04217418577848191,0.10053875049437604,0.44226920005853465,0.2030459522051337,0.5317772010904452,-0.03555699349950843,0.38653998234511233,0.07595272047772553,0.024599147791382007,-0.21938413154356518,0.32725344673288154,0.3190826437579168,1.0,0.1718319266232359,0.08886334324955651,-0.2779106552268403,0.3644790424468087,0.2599285732777803,0.11979048621959819,0.7140598513905092,-0.012806543902571013,0.31986548192439485,-0.01614055347780233,0.29176287962814396,0.2767266435227775,-0.0157203153347765,0.0738025664043161,0.2704141262096571,0.5717129414402397,0.06315844292213507,-0.005123471243549561
Recording,0.25367531371951857,-0.03023885234551579,0.19497579827708528,-0.018162781967096513,0.1663236145038122,0.34368929145352833,0.037293305283334764,0.21441855735470566,0.14776409237708932,0.18828744098559183,-0.0037783994463702654,0.03206613373123601,0.28496660639794363,0.035625744091405086,0.18488990010396134,0.1630278939607265,0.08148896774391544,0.1295773478703807,0.13100568058548678,0.16794858117214997,0.08064300146228337,0.0019143635252148042,0.070832240873121,0.20169435986444437,0.09124223147477406,-0.11650614005935053,0.15923954545805696,0.16498955393676157,0.1718319266232359,1.0,0.09732759021693181,-0.08955507287370865,0.12981172535723454,0.12189278895973496,0.2265134206048437,0.33197443800357596,0.2098033321511464,0.2088118991560097,0.11151900366525447,0.15597674565072384,0.303777562024981,0.045502520395210966,0.13252116266788994,0.26530881704546333,0.1542897686123772,-0.009253713137487166,-0.024067745663360302
Exercise,0.1344330509397873,-0.020821752482335042,0.01859458234129959,-0.012506458452467858,0.06969745388974243,0.14716210400246135,-0.023530156180829098,-0.010824824239732968,0.08190706568823672,0.09099428191875328,0.006316124853669518,-0.015334479694799959,0.10212634843680626,-0.016874273281577055,0.10779721463432097,0.05309136838211733,0.004530167116787051,0.0377779199295404,0.06951438413596582,0.06952679272184746,0.1040476879648355,0.058198040838300144,0.05164828525212958,0.070285930209142,0.09952149854862374,0.01203786586290643,0.1335784322777827,0.10027758277109822,0.08886334324955651,0.09732759021693181,1.0,-0.07337604046210389,0.02464050156202976,0.02360711558106078,0.029227316841866784,0.16018531329004673,-0.017726728275106914,0.12459221942892418,-0.03228734652076529,0.08110005374761187,0.05995052010667678,0.03221681524791997,0.03154699661036591,-0.0023829671954864093,0.07650585824232582,-0.019104350322582595,-0.01657247561131721
gaming,-0.22756199614440908,0.0020195165554481405,0.04983419987279494,-0.014716668888400892,0.039901125287238104,-0.30523908270397404,-0.07478541557394151,-0.002626827111894691,-0.09468506508734517,-0.11196725248198604,0.2270962548840776,-0.0037211714589550663,-0.25272128467445504,-0.0037366112126032856,-0.13160186764418816,-0.08423825598555416,-0.01179649964945051,0.014240395027981313,-0.23527120202184953,-0.04937045240173212,-0.16556344429489048,0.01520956065293064,-0.20273076270983723,-0.06797783116208743,-0.02895359467462417,0.05963879263911024,-0.20749426326843096,-0.16427201823221435,-0.2779106552268403,-0.08955507287370865,-0.07337604046210389,1.0,-0.22535757252514024,-0.10726347067315796,-0.07062844440534194,-0.34351096456191504,0.0039772101199497265,-0.183991915481184,-0.0449529461996381,-0.10302187025488271,-0.08485929569806575,0.07601985147554591,0.06905379738422092,-0.03166444860163522,-0.2799263236365133,-0.08172907167917938,0.01366945116889241
penpal,0.38367250963548116,-0.09788862399720771,0.0027945479663067465,-0.05879620411533364,0.19726850926536862,0.3829576007715406,0.14397908410755592,-0.011848192682627344,0.1999352447079189,0.19831127825278555,-0.01436401604136839,0.03852311466564757,0.4028487192535755,0.038414659792105524,0.20809198742600934,0.11741164579241628,-0.06273203685714643,0.06266620966370268,0.39616116371310667,0.28722795967637366,0.3546304584366759,-0.06047412008538746,0.28138717695518367,0.22420343045230487,0.13379140553863797,-0.1414789012966841,0.2597360243530049,0.3547395159596701,0.3644790424468087,0.12981172535723454,0.02464050156202976,-0.22535757252514024,1.0,0.2145169975106964,0.13866286409188,0.48506317315584224,-0.011410659588255224,0.3538613290502877,0.02288608146276073,0.2519736876609339,0.14537850173211403,0.07428566948092748,0.0925017140154898,0.10854035350499408,0.4182803316765043,0.056863671479637425,-0.07791163761049551
repair,0.24502148449834005,-0.023218065375324004,-0.015777615657891503,-0.013945789155332775,-0.006213483209892044,0.25233318233943597,0.24515974553191744,-0.012070620716855515,0.05030120151360998,0.06875426426889394,-0.017117197551902358,-0.017099278860052792,0.23560835453805962,0.010857214695962148,0.16301999390484587,0.1160582928395558,-0.0665519088449094,0.02707923864355594,0.18561339266451918,0.10316073662392285,0.2542073038015101,-0.029606001043459253,0.1547580778192819,0.08437997246005675,0.006721447245420897,-0.07854606669100579,0.12300735356430095,0.145514287941954,0.2599285732777803,0.12189278895973496,0.02360711558106078,-0.10726347067315796,0.2145169975106964,1.0,0.1154720647516246,0.28972332118597105,-0.019766844137217403,0.15580414893646885,0.06425934997469712,0.13653754523473544,0.06220037699709284,-0.024264237515950835,0.15784933669036164,0.19408751601373067,0.2371532368769035,-0.0027386876010843174,-0.01847975200459082
holotropic,0.10522062860758692,-0.013573516965465923,0.037137292772869784,-0.008152850060362916,0.027109518081404535,0.15427412307482116,0.13518636680610338,-0.007056607535357902,0.10270295711470397,0.1325168573005173,-0.027468264554741446,-0.00999641218819341,0.1838370281580546,0.05769330450530888,0.07604845988747784,0.22792995957811737,-0.03890692222576767,0.13907559086426893,0.07853122360046076,0.06828894533307883,0.09935592583594934,-0.046729320053393565,0.06140378808364132,0.0757939941234537,0.07890758327662097,-0.015990982343331413,0.09270925575774511,0.09850030800122754,0.11979048621959819,0.2265134206048437,0.029227316841866784,-0.07062844440534194,0.13866286409188,0.1154720647516246,1.0,0.18365031946493388,0.08766926431298251,0.09781022434583045,0.14577806414936703,0.10712803961693089,0.10097352470821888,-0.01418511983030616,0.03130795945705077,-0.048577765403705876,0.12061531833758428,0.0506670489781135,-0.010803450817159945
coding/cooking/tutorial,0.6531246563929285,-0.029791091854095883,0.036243010869470106,-0.04439333448543013,0.03755733953815284,0.7849841858106673,0.19069132147090628,0.04567576727352925,0.25323022694069947,0.2624284631837971,-0.10386955134098039,0.005136331360368394,0.7731008762679795,0.06468394076926427,0.3535770725571742,0.21842716111477872,-0.0023553850475969687,0.16015933182450254,0.4998773838283193,0.26387041557636476,0.5862646395105301,-0.05831625275415585,0.4269782136113508,0.12987533922309896,0.08074178328765284,-0.24824914352797373,0.4262862619998592,0.41696571900640844,0.7140598513905092,0.33197443800357596,0.16018531329004673,-0.34351096456191504,0.48506317315584224,0.28972332118597105,0.18365031946493388,1.0,0.06619099532936576,0.4180128828811841,0.030110587883812854,0.3540971320897219,0.33561955789915116,-0.03497563473072729,0.08821638219609505,0.3003118897662532,0.6608123801392207,0.10973733038898598,-0.05882620214675276
shopping,0.003977210119949753,-0.010617821210868662,0.10942059171708467,-0.006377529458297002,0.03232839184772977,0.04733577718236986,-0.011998941568622544,0.19986995602861457,0.008017694217009768,0.03208672762627543,-0.0004291725301943024,-0.007819647452788386,0.07917949509751271,-0.03043476094732185,0.0011237383534845418,0.14209997404365193,0.0514274123236372,0.11928266439044055,-0.037842456930145256,0.018773280885584637,-0.04860070772340469,0.03440824679049076,0.040095503268941256,0.06124350114124321,0.02805114748364016,-0.048600707723404725,-0.008228736143957418,-0.020133490646602043,-0.012806543902571013,0.2098033321511464,-0.017726728275106914,0.0039772101199497265,-0.011410659588255224,-0.019766844137217403,0.08766926431298251,0.06619099532936576,1.0,0.0035149558950568725,0.054222273081743835,0.027085989216006266,0.06990826762737308,-0.011096244738643395,-0.038535495597207134,-0.037999733539388195,-0.03806387291716027,-0.023399274943406465,-0.008450949708086908
reddit,0.5251270486403387,0.06908441111543712,0.11341413615542024,-0.0833537609681441,0.4713418451728268,0.5491078289070567,0.06464799906992345,0.046721797093490024,0.6547226790469722,0.4251239391662318,0.08680880517381824,-0.018007937942213587,0.4035620828228865,0.06019837803737434,0.511643620442972,0.10975387243125288,0.09967924729954762,0.10531858757501887,0.4759053906382025,0.5422276901849677,0.303875661053249,-0.1355159270816597,0.2204803163783931,0.39493980781372895,0.4252720704977454,0.13981904009144142,0.6288570776088623,0.5945924087799115,0.31986548192439485,0.2088118991560097,0.12459221942892418,-0.183991915481184,0.3538613290502877,0.15580414893646885,0.09781022434583045,0.4180128828811841,0.0035149558950568725,1.0,-0.05155288968434234,0.4423336434783822,0.378692779347649,0.034183015829370875,0.11541923350472996,0.2883696913322136,0.247210418932444,0.00045361720824067754,-0.03246054333648313
jobs,-0.0031953377153002803,-0.019339229857337055,0.027453981826136783,-0.011615990292781877,-0.0018904173849227741,0.0279859309858848,0.031761499215693954,-0.010054089554425058,-0.042815387722706974,-0.011753642666227316,-0.039136141602638515,-0.014242654541782652,0.018913148927720252,0.013383199284909095,0.01233437926883591,0.06103199588498334,-0.009555758414560793,0.04527957851538649,-0.03544165907226658,-0.014886552002709245,0.010085137940920334,0.17203616881869485,-0.013712290941089979,0.008337542782996175,-0.023870997192784547,0.01008513794092045,-0.0016170616661816933,-0.009438400735984367,-0.01614055347780233,0.11151900366525447,-0.03228734652076529,-0.0449529461996381,0.02288608146276073,0.06425934997469712,0.14577806414936703,0.030110587883812854,0.054222273081743835,-0.05155288968434234,1.0,-0.007313752076905946,-0.004943613895529527,0.03763581563773664,0.08287189850168035,-0.011232416966013736,0.027862319935628942,0.014784970936806694,0.135657016144917
shower,0.4870725502979017,-0.04691356136521844,0.11260216926409165,-0.06478832654996423,0.23640363336567483,0.46992797173452155,0.058503315523359065,0.06011017284000284,0.30703124813450544,0.5312190669993698,0.033064115978243276,-0.024574966191096538,0.36296924273149633,0.061286709824406406,0.31428788457207374,0.1163041350278517,0.15390388405629715,0.147697676491372,0.39180723253277056,0.34995316208903166,0.25829102131326576,-0.04351392573155146,0.2735574614970628,0.3233945352825104,0.2746490192411338,-0.023715738777594697,0.34603521460120024,0.3475226734812084,0.29176287962814396,0.15597674565072384,0.08110005374761187,-0.10302187025488271,0.2519736876609339,0.13653754523473544,0.10712803961693089,0.3540971320897219,0.027085989216006266,0.4423336434783822,-0.007313752076905946,1.0,0.3235477476987723,0.062443383342426,0.11707662352950493,0.23172342033263624,0.2873257265086261,0.07132044482868784,-0.009618142262686228
Art,0.44380683020747924,-0.0312989967241204,0.1120871136697222,-0.03393751264945044,0.203034796968091,0.47063120505261047,0.07041697591273628,0.11475318026867697,0.2639904270028436,0.3283985834818775,0.07775700498648735,-0.007583071430520538,0.33418298785480477,0.029526494298527994,0.2535881003193871,0.14162270816554567,0.211435001474681,0.16419217351123808,0.3157180882953636,0.29011619873049,0.24896187311902102,-0.020232484484068194,0.23146694907503768,0.3155043469795615,0.14642759983888337,-0.11457991673813496,0.2631438164273053,0.22816387276869918,0.2767266435227775,0.303777562024981,0.05995052010667678,-0.08485929569806575,0.14537850173211403,0.06220037699709284,0.10097352470821888,0.33561955789915116,0.06990826762737308,0.378692779347649,-0.004943613895529527,0.3235477476987723,1.0,0.03752670165575926,0.20219309545455788,0.3221074333465995,0.24967391694915533,-0.004722054936037184,0.018073138871620827
